v  -8.1310 151.7116 97.0140
v  -5.8495 151.9693 98.0961
v  -9.5181 156.3073 96.6991
v  -10.4861 153.5397 96.5876
v  -11.7996 152.5563 90.8730
v  -11.2819 152.1710 93.6309
v  -9.7975 149.0058 95.0386
v  -10.1072 150.9248 95.9684
v  -3.0266 146.9010 106.8038
v  0.0000 147.1878 106.8680
v  0.0000 152.8607 101.2515
v  -4.4223 140.1208 112.5416
v  0.0000 140.1956 113.5977
v  0.0000 137.6178 116.0245
v  -5.0745 137.6080 114.3621
v  -5.6715 132.7021 113.7463
v  0.0000 132.5047 114.9064
v  -3.3836 129.9365 109.6642
v  0.0000 129.4532 109.9362
v  0.0000 131.1091 106.0870
v  -4.1335 132.3425 105.6804
v  -4.8622 134.1569 97.2628
v  0.0000 132.2852 97.6062
v  -6.8525 137.4127 83.1356
v  0.0000 132.7314 87.6698
v  0.0000 160.7414 93.8691
v  -5.1616 163.8922 91.8999
v  0.0000 165.3896 87.8302
v  -4.6430 166.2901 85.9867
v  -10.6854 143.7890 88.0073
v  -7.5664 142.4992 97.9890
v  -10.2691 162.7982 88.4425
v  -9.7401 159.0133 81.9217
v  -6.9955 138.4265 106.9849
v  -11.1686 154.9862 79.8052
v  -10.6631 156.3203 75.3280
v  0.0000 163.6912 73.8259
v  -4.7207 165.1237 80.0375
v  -8.7826 159.5282 80.9091
v  -9.0748 163.9772 84.1925
v  -7.8275 171.6087 86.4246
v  -8.2178 171.3661 89.9886
v  -11.6003 169.1317 89.2511
v  -11.3329 169.4317 84.9965
v  -16.3612 180.7391 95.1183
v  -16.3636 180.7391 95.3179
v  -16.1555 180.7391 95.3318
v  -16.1098 180.7391 95.1204
v  -13.9784 172.3960 84.1137
v  -13.6442 174.8945 85.2800
v  -15.4911 171.5705 88.0745
v  -15.1752 175.8143 89.1112
v  -17.8005 177.4989 80.8137
v  -18.1025 176.7011 86.4069
v  -17.7453 173.4175 86.4336
v  -12.1382 185.0569 78.8055
v  -12.0669 184.9579 78.5930
v  -12.1927 185.0903 78.5562
v  -12.2832 185.1247 78.7551
v  -16.3724 173.8019 82.6388
v  -21.6021 178.5650 78.0746
v  -23.5894 179.2293 82.3458
v  -23.8500 190.2617 92.4429
v  -23.7946 189.9539 92.4892
v  -23.4561 189.7652 92.2744
v  -23.5148 190.0628 92.2250
v  -21.1320 175.6177 78.4175
v  -23.2524 175.6915 82.6178
v  -28.0690 182.8394 78.4766
v  -25.5368 181.8257 75.5756
v  -28.1547 186.3353 72.4802
v  -30.4332 187.5287 75.6260
v  -34.1898 199.2845 80.7577
v  -33.7886 199.2845 80.7577
v  -33.7886 199.2845 80.5620
v  -34.1898 199.2845 80.5620
v  -26.1181 177.9264 75.3954
v  -29.2947 183.1882 71.1115
v  -28.5429 179.0353 77.9829
v  -31.3911 183.8232 72.7059
v  -28.6668 187.8947 71.1749
v  -31.4355 189.8866 72.0558
v  -32.3886 187.3877 70.1804
v  -29.9659 185.5199 69.7557
v  -31.7275 194.3863 67.6190
v  -29.2352 192.7477 64.1563
v  -29.9208 198.4497 56.6195
v  -31.9906 199.9688 57.6997
v  -32.4998 190.2086 65.4154
v  -32.4156 197.2516 55.5420
v  -30.3063 190.5866 63.8152
v  -30.8529 196.5976 55.1285
v  -30.5242 209.3626 53.7077
v  -31.4125 209.4017 54.0699
v  -31.5999 209.3604 52.5406
v  -30.9108 209.3147 52.2025
v  -30.9908 214.1091 53.8660
v  -31.2053 214.1111 53.9561
v  -31.2360 214.1481 53.6119
v  -31.0942 214.1689 53.5663
v  -14.2128 175.3754 91.9044
v  -15.1308 174.4040 93.2542
v  -13.2426 174.5987 90.0497
v  -17.2498 174.9360 92.6737
v  -15.8651 179.0056 94.3829
v  -15.9665 178.8427 94.9643
v  -16.4614 176.7456 91.6309
v  -16.5876 179.1283 94.0434
v  -16.7349 178.8494 94.7826
v  -13.6231 177.6453 79.8668
v  -14.1443 178.9584 80.3771
v  -15.0173 178.2978 78.5595
v  -15.8301 180.1826 79.4316
v  -13.2418 181.5703 77.3243
v  -13.3627 181.9788 78.4923
v  -14.0729 181.7865 77.1520
v  -14.3510 182.3508 78.1806
v  -22.9999 182.6227 87.7780
v  -23.4648 181.4181 88.0184
v  -26.2822 183.2678 86.9045
v  -25.8322 181.5459 87.3964
v  -24.8677 186.8023 89.1431
v  -24.5711 186.1398 89.7797
v  -26.7524 186.9471 88.8602
v  -26.4455 186.2322 89.5010
v  -33.5869 187.8504 78.7911
v  -35.6110 185.3050 77.9953
v  -32.5796 189.0326 77.1473
v  -34.6828 188.1295 76.5124
v  -34.3844 195.2642 80.1543
v  -36.0611 195.2642 80.1543
v  -34.3844 195.2642 79.3362
v  -36.0611 195.2642 79.3362
v  -25.4956 209.9214 65.8816
v  -25.8744 209.9297 66.0257
v  -25.7729 209.9275 66.3140
v  -25.3870 209.9191 66.1370
v  -44.3558 223.7597 58.1913
v  -44.1824 223.8524 57.7958
v  -44.5740 223.9100 57.5677
v  -44.7874 223.8124 57.9849
v  -39.5046 195.6758 67.1636
v  -38.4549 197.9339 68.4321
v  -41.1771 195.3978 69.5507
v  -39.9285 197.8075 70.6925
v  -44.3063 201.7024 64.6695
v  -43.0860 203.7328 65.8853
v  -45.9434 201.5682 67.0530
v  -44.5798 203.6807 68.1833
v  -45.8176 212.2879 59.0434
v  -44.5797 212.5423 60.3803
v  -47.1636 212.7805 60.1596
v  -45.7432 213.0083 61.4795
v  -29.4814 197.5368 66.3609
v  -26.6532 196.1293 64.8821
v  -27.9402 196.5880 69.3156
v  -25.4853 195.6641 67.5016
v  -26.4856 204.3713 65.4811
v  -24.9586 204.0000 64.7895
v  -26.0764 204.2718 66.8643
v  -24.5206 203.8935 66.0151
v  -23.8704 165.0665 66.9419
v  -16.4573 164.0783 75.0037
v  -14.7843 163.8946 73.5856
v  -15.3489 159.9627 68.9352
v  -8.7582 145.9716 61.2461
v  0.0000 151.6382 57.3237
v  0.0000 142.7513 37.9786
v  -12.5634 132.6777 44.2169
v  -13.2364 137.3431 26.9304
v  0.0000 142.6156 24.7295
v  0.0000 144.3334 18.4972
v  -12.1531 136.5165 13.2340
v  0.0000 141.5339 -9.9969
v  -13.4577 137.2439 -9.9969
v  0.0000 144.8803 -44.9653
v  -9.8640 138.1563 -43.2869
v  0.0000 144.5382 -64.3633
v  -12.1197 142.2924 -65.0015
v  0.0000 117.9756 79.6269
v  -8.8612 126.3435 73.9413
v  -11.7821 97.9215 53.2935
v  0.0000 93.8753 62.0382
v  -6.9160 82.1038 42.5525
v  0.0000 78.6230 46.9196
v  0.0000 116.7329 -87.6106
v  0.0000 98.4615 -80.2017
v  -2.2896 97.4219 -85.2106
v  -3.0854 116.6307 -89.9919
v  0.0000 89.5145 -66.1468
v  -2.3474 88.1482 -67.0342
v  0.0000 81.9029 -51.1684
v  -7.6054 84.6258 -49.6007
v  0.0000 76.7126 -34.4067
v  -7.9205 81.1180 -35.2952
v  -8.6097 81.4745 -9.9969
v  0.0000 78.5722 -9.9969
v  0.0000 76.0972 14.1590
v  -7.0404 78.6327 13.3515
v  0.0000 74.5222 29.9985
v  -4.1249 77.3910 28.7064
v  -18.7183 96.5960 10.1734
v  -21.0063 96.1569 -9.9455
v  -10.0123 80.0968 15.1462
v  -16.5169 81.4879 16.3732
v  -18.6728 77.1805 27.9275
v  -13.7662 55.2640 24.2719
v  -15.3563 55.4955 29.1419
v  -16.5839 80.5173 36.0612
v  -13.8649 55.2955 34.2761
v  -10.0605 80.5173 36.0612
v  -8.7923 55.2955 34.2761
v  -6.1608 55.4955 29.1419
v  -6.9021 77.1805 27.9275
v  -8.6715 55.2640 24.1843
v  -21.3425 109.1929 29.8831
v  -9.5358 32.8432 -85.1627
v  -12.6193 32.8432 -85.1627
v  -13.4255 15.6295 -84.5226
v  -8.1430 15.6295 -84.5226
v  -15.7857 3.8232 -80.7733
v  -11.4205 4.3257 -79.7297
v  -11.7148 7.8995 -80.7422
v  -12.2013 17.6686 -91.6853
v  -8.7639 17.6686 -91.6853
v  -9.7110 13.4429 -92.4203
v  -10.8776 13.4429 -92.4203
v  -7.6887 17.6888 -89.2373
v  -7.5055 13.4429 -92.4203
v  -13.1906 13.4429 -92.4203
v  -13.1135 9.3010 -91.6916
v  -13.1256 9.3281 -91.5704
v  -13.4747 11.8912 -89.8694
v  -7.7906 9.3088 -91.6844
v  -7.7906 9.3330 -91.5651
v  -9.6365 11.8912 -89.8694
v  -13.0338 9.3009 -91.6916
v  -13.0338 9.3251 -91.5723
v  -7.6996 9.3089 -91.6846
v  -7.7030 9.3374 -91.5668
v  -11.0469 11.8912 -89.8694
v  -7.5762 11.8912 -89.8694
v  -14.5856 0.6161 -86.3249
v  -11.0142 4.3257 -79.7297
v  -11.4225 0.6156 -86.3259
v  -11.0007 0.6140 -86.3291
v  -7.5036 0.0000 -78.0622
v  -5.9920 3.8232 -80.7733
v  -10.9168 -0.0000 -75.2504
v  -11.5170 -0.0000 -75.2504
v  -14.5170 0.0000 -78.0622
v  -7.5036 0.0000 -84.9620
v  -7.4294 0.6173 -86.3224
v  -14.5170 0.0000 -84.9620
v  -10.9168 0.0000 -84.9620
v  -11.5170 0.0000 -84.9620
v  -11.9343 33.5916 -90.5134
v  -8.6149 33.5916 -90.5134
v  -13.6849 57.9651 -90.4250
v  -14.4355 55.7348 -84.7721
v  -17.6089 67.3749 -75.7728
v  -16.7583 69.3310 -81.7373
v  -12.0095 54.0604 -77.1736
v  -14.2230 65.3827 -68.3466
v  -8.3630 69.3310 -81.7373
v  -6.9633 57.9651 -90.4250
v  -18.1944 82.5710 -79.6641
v  -8.0083 82.5710 -79.6641
v  -15.1028 75.0211 -57.8205
v  -19.5849 79.8979 -69.7124
v  -8.1694 79.8979 -69.7124
v  -8.3630 67.3749 -75.7728
v  -6.7517 55.7348 -84.7721
v  -9.5758 75.0211 -57.8205
v  -8.3630 65.3827 -68.3466
v  -9.6932 54.0604 -77.1736
v  -17.9281 86.3152 -50.4408
v  -23.9703 94.1643 -68.0865
v  -19.8045 97.6994 -87.4891
v  -17.7219 101.6051 -39.4828
v  -24.7734 121.9596 -62.6035
v  -19.7919 120.4759 -83.2587
v  -6.4481 134.9739 -87.5735
v  0.0000 136.6642 -87.9063
v  0.0000 128.2520 -97.0911
v  -3.5021 126.8894 -95.1837
v  -3.3933 124.0614 -91.8415
v  -2.2070 123.2512 -93.0841
v  0.0000 123.4134 -90.3195
v  0.0000 122.6604 -92.4328
v  0.0000 119.1391 -98.3924
v  -2.6135 119.8076 -97.5662
v  -2.1432 119.4191 -96.7225
v  0.0000 118.4946 -96.5552
v  -22.2844 158.7108 68.7909
v  -16.9125 160.6647 73.2226
v  -16.6018 154.4373 71.6740
v  -9.2254 152.0505 96.0211
v  -9.8270 152.5337 95.7953
v  -10.1120 152.1829 95.0705
v  -9.7158 151.7977 95.6261
v  -10.2868 7.8995 -80.7422
v  -12.7195 33.2030 -87.7111
v  -13.2695 17.6879 -89.2322
v  -7.9872 33.2030 -87.7111
v  -9.5358 31.9510 34.1513
v  -12.6193 31.9510 34.1513
v  -13.4255 15.6295 36.1658
v  -8.1430 15.6295 36.1658
v  -15.7857 3.8232 39.9151
v  -11.4205 4.3257 40.9588
v  -11.7148 7.8995 39.9462
v  -12.2013 17.6686 29.0031
v  -8.7639 17.6686 29.0031
v  -9.7110 13.4429 28.2681
v  -10.8776 13.4429 28.2681
v  -7.6887 17.6888 31.4511
v  -7.5056 13.4429 28.2681
v  -13.1906 13.4429 28.2681
v  -13.1135 9.3010 28.9968
v  -13.1256 9.3281 29.1180
v  -13.4747 11.8912 30.8190
v  -7.7906 9.3088 29.0040
v  -7.7906 9.3330 29.1233
v  -9.6365 11.8912 30.8190
v  -13.0338 9.3009 28.9968
v  -13.0338 9.3251 29.1161
v  -7.6996 9.3089 29.0039
v  -7.7030 9.3374 29.1217
v  -11.0469 11.8912 30.8190
v  -7.5762 11.8912 30.8190
v  -14.5856 0.6161 34.3635
v  -11.0142 4.3257 40.9588
v  -11.4225 0.6156 34.3626
v  -11.0007 0.6140 34.3593
v  -7.5036 -0.0000 42.6262
v  -5.9920 3.8232 39.9151
v  -10.9168 -0.0000 45.4380
v  -11.5170 -0.0000 45.4380
v  -14.5170 -0.0000 42.6262
v  -7.5036 -0.0000 35.7264
v  -7.4294 0.6173 34.3661
v  -14.5170 -0.0000 35.7264
v  -10.9168 -0.0000 35.7264
v  -11.5170 -0.0000 35.7264
v  -11.9343 31.9946 28.7486
v  -8.6149 31.9946 28.7486
v  -10.2868 7.8995 39.9462
v  -12.7195 31.9751 31.5778
v  -13.2695 17.6879 31.4562
v  -7.9872 31.9751 31.5778
v  8.1310 151.7116 97.0140
v  10.4861 153.5397 96.5876
v  9.5181 156.3073 96.6991
v  5.8495 151.9693 98.0961
v  11.2819 152.1710 93.6309
v  11.7996 152.5563 90.8730
v  10.1072 150.9248 95.9684
v  9.7975 149.0058 95.0386
v  3.0266 146.9010 106.8038
v  4.4223 140.1208 112.5416
v  5.6715 132.7021 113.7463
v  5.0745 137.6080 114.3621
v  3.3836 129.9365 109.6642
v  4.8622 134.1569 97.2628
v  4.1335 132.3425 105.6804
v  6.8525 137.4127 83.1356
v  5.1616 163.8922 91.8999
v  4.6430 166.2901 85.9867
v  7.5664 142.4992 97.9890
v  10.6854 143.7890 88.0073
v  9.7401 159.0133 81.9217
v  10.2691 162.7982 88.4425
v  6.9955 138.4265 106.9849
v  10.6631 156.3203 75.3280
v  11.1686 154.9862 79.8052
v  4.7207 165.1237 80.0375
v  9.0748 163.9772 84.1925
v  8.7826 159.5282 80.9091
v  8.2178 171.3661 89.9886
v  7.8275 171.6087 86.4246
v  11.6003 169.1317 89.2511
v  11.3329 169.4317 84.9965
v  16.1555 180.7391 95.3318
v  16.3636 180.7391 95.3179
v  16.3612 180.7391 95.1183
v  16.1098 180.7391 95.1204
v  13.6442 174.8945 85.2800
v  13.9784 172.3960 84.1137
v  15.4911 171.5705 88.0745
v  15.1752 175.8143 89.1112
v  18.1025 176.7011 86.4069
v  17.8005 177.4989 80.8137
v  17.7453 173.4175 86.4336
v  12.1382 185.0569 78.8055
v  12.2832 185.1247 78.7551
v  12.1927 185.0903 78.5562
v  12.0669 184.9579 78.5930
v  16.3724 173.8019 82.6388
v  23.5894 179.2293 82.3458
v  21.6021 178.5650 78.0746
v  23.4561 189.7652 92.2744
v  23.7946 189.9539 92.4892
v  23.8500 190.2617 92.4429
v  23.5148 190.0628 92.2250
v  21.1320 175.6177 78.4175
v  23.2524 175.6915 82.6178
v  28.0690 182.8394 78.4766
v  30.4332 187.5287 75.6260
v  28.1547 186.3353 72.4802
v  25.5368 181.8257 75.5756
v  34.1898 199.2845 80.7577
v  34.1898 199.2845 80.5620
v  33.7886 199.2845 80.5620
v  33.7886 199.2845 80.7577
v  29.2947 183.1882 71.1115
v  26.1181 177.9264 75.3954
v  31.3911 183.8232 72.7059
v  28.5429 179.0353 77.9829
v  31.4355 189.8866 72.0558
v  28.6668 187.8947 71.1749
v  32.3886 187.3877 70.1804
v  29.9659 185.5199 69.7557
v  31.7275 194.3863 67.6190
v  31.9906 199.9688 57.6997
v  29.9208 198.4497 56.6195
v  29.2352 192.7477 64.1563
v  32.4998 190.2086 65.4154
v  32.4156 197.2516 55.5420
v  30.8529 196.5976 55.1285
v  30.3063 190.5866 63.8152
v  31.4125 209.4017 54.0699
v  30.5242 209.3626 53.7077
v  31.5999 209.3604 52.5406
v  30.9108 209.3147 52.2025
v  31.2053 214.1111 53.9561
v  30.9908 214.1091 53.8660
v  31.2360 214.1481 53.6119
v  31.0942 214.1689 53.5663
v  15.1308 174.4040 93.2542
v  14.2128 175.3754 91.9044
v  13.2426 174.5987 90.0497
v  17.2498 174.9360 92.6737
v  15.9665 178.8427 94.9643
v  15.8651 179.0056 94.3829
v  16.5876 179.1283 94.0434
v  16.4614 176.7456 91.6309
v  16.7349 178.8494 94.7826
v  14.1443 178.9584 80.3771
v  13.6231 177.6453 79.8668
v  15.0173 178.2978 78.5595
v  15.8301 180.1826 79.4316
v  13.3627 181.9788 78.4923
v  13.2418 181.5703 77.3243
v  14.0729 181.7865 77.1520
v  14.3510 182.3508 78.1806
v  23.4648 181.4181 88.0184
v  22.9999 182.6227 87.7780
v  26.2822 183.2678 86.9045
v  25.8322 181.5459 87.3964
v  24.5711 186.1398 89.7797
v  24.8677 186.8023 89.1431
v  26.7524 186.9471 88.8602
v  26.4455 186.2322 89.5010
v  35.6110 185.3050 77.9953
v  33.5869 187.8504 78.7911
v  32.5796 189.0326 77.1473
v  34.6828 188.1295 76.5124
v  36.0611 195.2642 80.1543
v  34.3844 195.2642 80.1543
v  34.3844 195.2642 79.3362
v  36.0611 195.2642 79.3362
v  25.7729 209.9275 66.3140
v  25.8744 209.9297 66.0257
v  25.4956 209.9214 65.8816
v  25.3870 209.9191 66.1370
v  44.3558 223.7597 58.1913
v  44.7874 223.8124 57.9849
v  44.5740 223.9100 57.5677
v  44.1824 223.8524 57.7958
v  38.4549 197.9339 68.4321
v  39.5046 195.6758 67.1636
v  41.1771 195.3978 69.5507
v  39.9285 197.8075 70.6925
v  43.0860 203.7328 65.8853
v  44.3063 201.7024 64.6695
v  45.9434 201.5682 67.0530
v  44.5798 203.6807 68.1833
v  44.5797 212.5423 60.3803
v  45.8176 212.2879 59.0434
v  47.1636 212.7805 60.1596
v  45.7432 213.0083 61.4795
v  26.6532 196.1293 64.8821
v  29.4814 197.5368 66.3609
v  27.9402 196.5880 69.3156
v  25.4853 195.6641 67.5016
v  24.9586 204.0000 64.7895
v  26.4856 204.3713 65.4811
v  26.0764 204.2718 66.8643
v  24.5206 203.8935 66.0151
v  14.7843 163.8946 73.5856
v  16.4573 164.0783 75.0037
v  23.8704 165.0665 66.9419
v  15.3489 159.9627 68.9352
v  8.7582 145.9716 61.2461
v  12.5634 132.6777 44.2169
v  13.2364 137.3431 26.9304
v  12.1531 136.5165 13.2340
v  13.4577 137.2439 -9.9969
v  9.8640 138.1563 -43.2869
v  12.1197 142.2924 -65.0015
v  11.7821 97.9215 53.2935
v  8.8612 126.3435 73.9413
v  6.9160 82.1038 42.5525
v  3.0854 116.6307 -89.9919
v  2.2896 97.4219 -85.2106
v  2.3474 88.1482 -67.0342
v  7.6054 84.6258 -49.6007
v  7.9205 81.1180 -35.2952
v  8.6097 81.4745 -9.9969
v  7.0404 78.6327 13.3515
v  4.1249 77.3910 28.7064
v  21.0063 96.1569 -9.9455
v  18.7183 96.5960 10.1734
v  10.0123 80.0968 15.1462
v  16.5169 81.4879 16.3732
v  18.6728 77.1805 27.9275
v  15.3563 55.4955 29.1419
v  13.7662 55.2640 24.2719
v  16.5839 80.5173 36.0612
v  13.8649 55.2955 34.2761
v  6.1608 55.4955 29.1419
v  8.7923 55.2955 34.2761
v  10.0605 80.5173 36.0612
v  6.9021 77.1805 27.9275
v  8.6715 55.2640 24.1843
v  21.3425 109.1929 29.8831
v  9.5358 32.8432 -85.1627
v  8.1430 15.6295 -84.5226
v  13.4255 15.6295 -84.5226
v  12.6193 32.8432 -85.1627
v  15.7857 3.8232 -80.7733
v  11.7148 7.8995 -80.7422
v  11.4205 4.3257 -79.7297
v  12.2013 17.6686 -91.6853
v  10.8776 13.4429 -92.4203
v  9.7110 13.4429 -92.4203
v  8.7639 17.6686 -91.6853
v  7.5055 13.4429 -92.4203
v  7.6887 17.6888 -89.2373
v  13.1906 13.4429 -92.4203
v  13.4747 11.8912 -89.8694
v  13.1256 9.3281 -91.5704
v  13.1135 9.3010 -91.6916
v  9.6365 11.8912 -89.8694
v  7.7906 9.3330 -91.5651
v  7.7906 9.3088 -91.6844
v  13.0338 9.3009 -91.6916
v  13.0338 9.3251 -91.5723
v  7.7030 9.3374 -91.5668
v  7.6996 9.3089 -91.6846
v  11.0469 11.8912 -89.8694
v  7.5762 11.8912 -89.8694
v  14.5856 0.6161 -86.3249
v  11.4225 0.6156 -86.3259
v  11.0142 4.3257 -79.7297
v  11.0007 0.6140 -86.3291
v  5.9920 3.8232 -80.7733
v  7.5036 0.0000 -78.0622
v  10.9168 -0.0000 -75.2504
v  11.5170 -0.0000 -75.2504
v  14.5170 0.0000 -78.0622
v  7.4294 0.6173 -86.3224
v  7.5036 0.0000 -84.9620
v  14.5170 0.0000 -84.9620
v  10.9168 0.0000 -84.9620
v  11.5170 0.0000 -84.9620
v  11.9343 33.5916 -90.5134
v  8.6149 33.5916 -90.5134
v  13.6849 57.9651 -90.4250
v  16.7583 69.3310 -81.7373
v  17.6089 67.3749 -75.7728
v  14.4355 55.7348 -84.7721
v  14.2230 65.3827 -68.3466
v  12.0095 54.0604 -77.1736
v  8.3630 69.3310 -81.7373
v  6.9633 57.9651 -90.4250
v  8.0083 82.5710 -79.6641
v  18.1944 82.5710 -79.6641
v  19.5849 79.8979 -69.7124
v  15.1028 75.0211 -57.8205
v  8.3630 67.3749 -75.7728
v  8.1694 79.8979 -69.7124
v  6.7517 55.7348 -84.7721
v  8.3630 65.3827 -68.3466
v  9.5758 75.0211 -57.8205
v  9.6932 54.0604 -77.1736
v  23.9703 94.1643 -68.0865
v  17.9281 86.3152 -50.4408
v  19.8045 97.6994 -87.4891
v  24.7734 121.9596 -62.6035
v  17.7219 101.6051 -39.4828
v  19.7919 120.4759 -83.2587
v  6.4481 134.9739 -87.5735
v  3.5021 126.8894 -95.1837
v  3.3933 124.0614 -91.8415
v  2.2070 123.2512 -93.0841
v  2.6135 119.8076 -97.5662
v  2.1432 119.4191 -96.7225
v  16.9125 160.6647 73.2226
v  22.2844 158.7108 68.7909
v  16.6018 154.4373 71.6740
v  9.2254 152.0505 96.0211
v  9.7158 151.7977 95.6261
v  10.1120 152.1829 95.0705
v  9.8270 152.5337 95.7953
v  10.2868 7.8995 -80.7422
v  13.2695 17.6879 -89.2322
v  12.7195 33.2030 -87.7111
v  7.9872 33.2030 -87.7111
v  9.5358 31.9510 34.1513
v  8.1430 15.6295 36.1658
v  13.4255 15.6295 36.1658
v  12.6193 31.9510 34.1513
v  15.7857 3.8232 39.9151
v  11.7148 7.8995 39.9462
v  11.4205 4.3257 40.9588
v  12.2013 17.6686 29.0031
v  10.8776 13.4429 28.2681
v  9.7110 13.4429 28.2681
v  8.7639 17.6686 29.0031
v  7.5056 13.4429 28.2681
v  7.6887 17.6888 31.4511
v  13.1906 13.4429 28.2681
v  13.4747 11.8912 30.8190
v  13.1256 9.3281 29.1180
v  13.1135 9.3010 28.9968
v  9.6365 11.8912 30.8190
v  7.7906 9.3330 29.1233
v  7.7906 9.3088 29.0040
v  13.0338 9.3009 28.9968
v  13.0338 9.3251 29.1161
v  7.7030 9.3374 29.1217
v  7.6996 9.3089 29.0039
v  11.0469 11.8912 30.8190
v  7.5762 11.8912 30.8190
v  14.5856 0.6161 34.3635
v  11.4225 0.6156 34.3626
v  11.0142 4.3257 40.9588
v  11.0007 0.6140 34.3593
v  5.9920 3.8232 39.9151
v  7.5036 -0.0000 42.6262
v  10.9168 -0.0000 45.4380
v  11.5170 -0.0000 45.4380
v  14.5170 -0.0000 42.6262
v  7.4294 0.6173 34.3661
v  7.5036 -0.0000 35.7264
v  14.5170 -0.0000 35.7264
v  10.9168 -0.0000 35.7264
v  11.5170 -0.0000 35.7264
v  11.9343 31.9946 28.7486
v  8.6149 31.9946 28.7486
v  10.2868 7.8995 39.9462
v  13.2695 17.6879 31.4562
v  12.7195 31.9751 31.5778
v  7.9872 31.9751 31.5778
v -0.3188 -0.0313 0.9473
v -0.9457 0.2774 0.1696
v -0.9185 -0.3441 0.1949
v -0.3204 -0.4219 0.8482
v -0.3172 0.7277 0.6082
v -0.1419 0.6722 0.7267
v -0.2536 -0.1503 0.9556
v -0.1443 -0.8487 0.5089
v -0.3111 -0.9381 -0.1526
v -0.4542 -0.8854 -0.0986
v -0.2557 0.5527 0.7932
v 0.1535 0.8483 0.5068
v -0.9407 -0.2045 0.2706
v -0.9865 0.1578 0.0437
v -0.8916 -0.4269 -0.1510
v -0.8456 0.1475 0.5130
v -0.9341 -0.3534 -0.0498
v -0.9198 -0.2783 -0.2767
v -0.8930 -0.4372 0.1068
v 0.1771 0.9741 -0.1405
v -0.5899 0.6837 -0.4296
v 0.8694 0.4481 0.2082
v -0.4225 -0.0620 0.9043
v 0.2491 0.2342 -0.9398
v -0.9434 -0.2589 -0.2072
v 0.0000 1.0000 -0.0000
v 0.3670 0.2024 -0.9079
v -0.5753 -0.7844 -0.2321
v 0.3886 0.9192 0.0637
v -0.6703 -0.1023 0.7350
v 0.5991 0.8003 -0.0240
v -0.4119 -0.8645 -0.2881
v 0.3057 0.9484 0.0838
v 0.6173 0.2350 0.7508
v 0.6120 -0.0818 -0.7866
v -0.2614 -0.9533 -0.1512
v 0.7136 0.6096 0.3452
v 0.7580 -0.0421 -0.6509
v -0.6072 -0.7077 -0.3613
v 0.6757 0.6628 0.3226
v -0.9410 0.0293 0.3371
v 0.8424 -0.1053 -0.5285
v -0.5759 -0.5569 -0.5985
v 0.7391 0.5833 0.3369
v -0.9894 0.1184 0.0845
v 0.9018 -0.3150 -0.2959
v -0.3433 -0.7722 -0.5346
v 0.5304 0.2601 0.8069
v -0.9911 0.0933 0.0948
v 0.9278 -0.0648 -0.3673
v -0.3667 -0.2055 -0.9074
v 0.3796 0.0061 0.9251
v -0.9922 0.0480 0.1154
v 0.9598 0.1062 -0.2599
v -0.4022 0.2313 -0.8859
v -0.9421 0.2021 0.2677
v -0.2163 0.6417 0.7358
v 0.3195 -0.2542 0.9128
v 0.4999 0.8660 0.0116
v -0.4980 -0.7457 0.4426
v 0.8784 0.0231 0.4773
v 0.4500 0.6398 -0.6230
v -0.9461 0.2254 -0.2326
v -0.3033 -0.4059 0.8621
v 0.9793 0.0580 0.1937
v 0.3457 0.4486 -0.8242
v -0.9735 0.2091 -0.0931
v -0.1932 -0.2188 0.9565
v 0.9990 0.0387 0.0236
v 0.1805 -0.6570 -0.7319
v -0.5291 -0.3448 -0.7754
v -0.1926 0.6910 0.6968
v 0.9472 0.0438 0.3175
v 0.3427 -0.4887 -0.8023
v -0.8161 0.0807 -0.5723
v -0.0728 0.5389 0.8392
v 0.8805 -0.3920 0.2667
v 0.2894 0.2382 -0.9271
v -0.6555 0.5823 -0.4808
v -0.2965 0.0220 0.9548
v 0.5514 0.8196 0.1557
v -0.6607 -0.0104 0.7506
v 0.5130 -0.0287 -0.8579
v -0.4102 -0.9044 -0.1171
v 0.3262 0.0483 0.9441
v 0.5272 0.6938 -0.4906
v -0.9268 -0.1860 -0.3262
v -0.5247 -0.5943 0.6095
v 0.8803 0.1343 0.4549
v 0.2597 0.4404 -0.8594
v -0.9598 -0.2131 0.1829
v -0.2100 -0.4042 0.8902
v 0.9020 0.0258 -0.4310
v 0.1245 0.6654 -0.7360
v -0.8104 0.1006 0.5772
v -0.0953 -0.5635 0.8206
v -0.1132 -0.1548 0.9814
v 0.6126 0.5648 0.5529
v -0.0698 0.6379 -0.7669
v -0.7197 -0.5536 -0.4190
v -0.0704 -0.2031 0.9766
v 0.9115 0.0682 0.4057
v 0.0688 0.3646 -0.9286
v -0.9304 0.0073 -0.3664
v 0.0000 -0.1484 0.9889
v 0.9892 -0.1466 -0.0000
v 0.0000 0.2916 -0.9565
v -0.9066 0.4220 -0.0000
v 0.0218 0.9998 0.0000
v 0.0080 0.9727 0.2317
v 0.8848 -0.3379 -0.3207
v -0.4593 -0.7243 -0.5143
v 0.1255 0.4433 -0.8875
v -0.6051 -0.6739 -0.4241
v -0.4090 -0.3376 0.8478
v 0.4887 0.6751 0.5526
v 0.5980 0.1406 -0.7891
v -0.5924 -0.6561 -0.4676
v -0.5572 -0.0927 0.8252
v 0.6106 0.6691 0.4237
v 0.7909 -0.2078 -0.5756
v -0.7132 -0.4142 -0.5655
v -0.7591 0.2958 0.5799
v 0.7282 0.4529 0.5144
v 0.6930 -0.1735 -0.6997
v -0.7015 -0.0028 -0.7127
v -0.6249 0.2898 0.7250
v 0.7544 0.1112 0.6470
v -0.5335 0.3309 -0.7784
v -0.5887 0.5740 0.5692
v 0.7595 -0.5019 -0.4138
v -0.4203 0.0743 -0.9043
v -0.8084 0.3747 0.4540
v 0.5727 0.0996 0.8137
v 0.8962 -0.1875 -0.4021
v -0.3757 0.1332 -0.9171
v -0.9521 0.0778 0.2956
v 0.4751 0.0551 0.8782
v 0.9318 0.1433 -0.3334
v -0.6391 0.6507 -0.4100
v -0.9979 0.0430 -0.0475
v 0.4308 0.7815 -0.4513
v -0.5735 0.6434 -0.5070
v -0.6581 0.6715 -0.3406
v -0.4596 0.8880 0.0147
v -0.4229 0.9058 -0.0256
v -0.4248 0.9047 0.0341
v -0.3714 0.9225 0.1055
v -0.1616 -0.8823 -0.4421
v -0.6751 -0.4093 0.6137
v -0.6150 -0.5591 0.5560
v 0.8095 -0.1660 -0.5631
v 0.7325 -0.5932 -0.3340
v -0.1498 -0.9274 -0.3429
v -0.4130 -0.8759 -0.2494
v -0.3224 -0.9419 -0.0948
v -0.4290 -0.9024 -0.0414
v -0.6996 -0.3582 0.6183
v -0.9961 -0.0627 0.0622
v -0.8060 -0.5906 0.0389
v -0.9904 0.0405 0.1320
v -0.9823 0.1681 0.0825
v -0.3914 -0.4487 -0.8034
v -0.5584 -0.8095 0.1812
v -0.9509 -0.1697 -0.2590
v -0.9499 -0.1257 0.2861
v 0.9190 0.0346 0.3928
v 0.9519 -0.0247 -0.3054
v -0.4721 0.8704 0.1395
v -0.9597 0.2072 -0.1898
v -0.9388 0.1670 0.3014
v -0.1447 -0.3220 -0.9356
v 0.0000 -0.0706 0.9975
v -0.9414 -0.0860 0.3260
v -0.9862 -0.1128 -0.1209
v -0.3280 -0.6809 0.6549
v -0.1034 -0.9427 0.3172
v -0.2280 -0.9691 -0.0944
v 0.0000 0.0372 0.9993
v -0.3265 0.3193 0.8896
v 0.0000 0.1714 -0.9852
v 0.5688 0.3024 -0.7648
v -0.9900 -0.0434 -0.1345
v -0.8612 -0.4511 -0.2340
v -0.0154 -0.9780 0.2082
v 0.0268 -0.9757 0.2175
v 0.0000 -0.8544 -0.5197
v 0.0000 -0.1733 -0.9849
v 0.8432 -0.4880 -0.2257
v -0.0001 -0.5529 0.8332
v -0.0001 -0.1753 -0.9845
v 0.9988 -0.0480 0.0004
v 0.0018 -0.5526 0.8334
v -0.9817 0.0956 -0.1646
v 0.0002 -0.8716 0.4902
v 0.3673 0.5787 0.7281
v -0.4115 0.5690 0.7120
v 0.9363 -0.3507 -0.0178
v -0.9536 -0.3006 -0.0145
v 0.0008 -0.9114 -0.4115
v -0.0001 -0.9113 -0.4117
v -0.9995 -0.0297 0.0059
v 0.9995 -0.0306 0.0068
v 0.0000 0.0734 -0.9973
v 0.0000 -1.0000 -0.0000
v -0.0000 -1.0000 -0.0000
v -0.9755 -0.1265 -0.1800
v -0.8842 -0.3976 0.2450
v 0.0000 0.6073 -0.7945
v 0.0000 0.1547 -0.9880
v -0.9133 -0.3128 0.2607
v 0.9997 -0.0224 0.0036
v 0.9934 0.1127 0.0225
v 0.9975 -0.0067 0.0702
v 0.9798 -0.1151 0.1637
v 0.0000 -0.7375 0.6753
v 0.0000 -0.6148 0.7887
v -0.9258 -0.3276 0.1887
v 0.0705 -0.4144 -0.9074
v 0.8692 -0.4575 -0.1876
v 0.8954 -0.4384 0.0779
v -0.1058 -0.5976 0.7948
v -0.9656 -0.1042 0.2381
v -0.1309 -0.0154 -0.9913
v -0.8345 -0.5397 -0.1106
v -0.7416 -0.6092 0.2809
v -0.9779 0.1897 -0.0879
v 0.0039 0.9890 0.1477
v -0.4057 -0.9133 0.0351
v -0.3501 0.6368 -0.6869
v -0.9487 -0.2559 -0.1857
v -0.3173 -0.8976 0.3060
v -0.4184 0.1796 -0.8903
v -0.9400 -0.2240 0.2573
v -0.3535 -0.6529 0.6699
v -0.3397 -0.8961 -0.2857
v -0.6940 -0.0754 0.7160
v -0.1907 0.9251 -0.3282
v -0.8603 0.3506 0.3701
v -0.7908 0.5318 -0.3032
v -0.9748 0.0273 -0.2212
v -0.9431 -0.2407 -0.2294
v -0.9837 -0.0793 -0.1616
v -0.7226 -0.2006 0.6615
v 0.0838 -0.3569 -0.9304
v 0.5298 -0.6754 -0.5130
v 0.8271 0.3486 -0.4409
v -0.7770 -0.1263 0.6167
v -0.8732 0.4144 0.2564
v -0.4687 0.0305 -0.8828
v 0.4822 -0.2598 -0.8367
v -0.7244 -0.2565 0.6399
v -0.6172 -0.6758 0.4030
v -0.5439 -0.6877 0.4809
v -0.6694 0.4299 0.6059
v -0.5833 0.4245 0.6925
v 0.5139 0.1381 0.8467
v -0.8697 0.1582 -0.4675
v 0.5362 0.8425 -0.0523
v 0.5407 0.8395 0.0530
v 0.0000 0.2726 0.9621
v 0.0013 -0.2999 -0.9540
v -0.9991 0.0412 0.0060
v -0.9429 0.0527 -0.3288
v 0.9514 0.0308 -0.3064
v 0.9595 0.0420 0.2786
v 0.9911 0.0613 -0.1183
v 0.2983 0.3074 0.9036
v -0.0019 -0.2995 -0.9541
v -0.0002 -0.2998 -0.9540
v -0.9984 0.0398 -0.0407
v 0.9969 0.0109 0.0775
v -0.5648 0.2680 -0.7805
v 0.0000 0.4393 0.8983
v 0.0000 0.1225 0.9925
v -0.0153 -0.9780 0.2082
v 0.0000 -0.0178 -0.9998
v -0.9990 0.0446 0.0051
v -0.9433 0.0254 -0.3310
v 0.9517 0.0036 -0.3071
v 0.9565 0.0703 0.2830
v -0.5647 0.2680 -0.7805
v 0.0000 -0.0053 1.0000
v -0.9773 -0.0711 0.1997
v -0.9481 -0.1332 -0.2888
v -0.0102 -0.1911 -0.9815
v 0.9246 -0.0904 -0.3702
v 0.8791 -0.0247 0.4760
v 0.0000 0.0036 -1.0000
v -0.9787 -0.0597 -0.1963
v -0.9709 -0.0809 0.2255
v 0.0000 -0.3524 0.9359
v 0.9166 -0.1180 0.3820
v 0.9919 -0.0536 -0.1151
v 0.2381 0.8941 0.3795
v -0.9206 0.2576 -0.2935
v -0.2029 0.6041 0.7706
v 0.3188 -0.0313 0.9473
v 0.9457 0.2774 0.1696
v 0.9185 -0.3441 0.1949
v 0.3204 -0.4219 0.8482
v 0.3172 0.7277 0.6082
v 0.1419 0.6722 0.7267
v 0.2536 -0.1503 0.9556
v 0.1443 -0.8487 0.5089
v 0.3111 -0.9381 -0.1526
v 0.4542 -0.8854 -0.0986
v 0.2557 0.5527 0.7932
v -0.1535 0.8483 0.5068
v 0.9407 -0.2045 0.2706
v 0.9865 0.1578 0.0437
v 0.8916 -0.4269 -0.1510
v 0.8456 0.1475 0.5130
v 0.9341 -0.3534 -0.0498
v 0.9198 -0.2783 -0.2767
v 0.8930 -0.4372 0.1068
v -0.1771 0.9741 -0.1405
v 0.5899 0.6837 -0.4296
v -0.8694 0.4481 0.2082
v 0.4225 -0.0620 0.9043
v -0.2491 0.2342 -0.9398
v 0.9434 -0.2589 -0.2072
v -0.3670 0.2024 -0.9079
v 0.5753 -0.7844 -0.2321
v -0.3886 0.9192 0.0637
v 0.6703 -0.1023 0.7350
v -0.5991 0.8003 -0.0240
v 0.4119 -0.8645 -0.2881
v -0.3057 0.9484 0.0838
v -0.6173 0.2350 0.7508
v -0.6120 -0.0818 -0.7866
v 0.2614 -0.9533 -0.1512
v -0.7136 0.6096 0.3452
v -0.7580 -0.0421 -0.6509
v 0.6072 -0.7077 -0.3613
v -0.6757 0.6628 0.3226
v 0.9410 0.0293 0.3371
v -0.8424 -0.1053 -0.5285
v 0.5759 -0.5569 -0.5985
v -0.7391 0.5833 0.3369
v 0.9894 0.1184 0.0845
v -0.9018 -0.3150 -0.2959
v 0.3433 -0.7722 -0.5346
v -0.5304 0.2601 0.8069
v 0.9911 0.0933 0.0948
v -0.9278 -0.0648 -0.3673
v 0.3667 -0.2055 -0.9074
v -0.3796 0.0061 0.9251
v 0.9922 0.0480 0.1154
v -0.9598 0.1062 -0.2599
v 0.4022 0.2313 -0.8859
v 0.9421 0.2021 0.2677
v 0.2163 0.6417 0.7358
v -0.3195 -0.2542 0.9128
v -0.4999 0.8660 0.0116
v 0.4980 -0.7457 0.4426
v -0.8784 0.0231 0.4773
v -0.4500 0.6398 -0.6230
v 0.9461 0.2254 -0.2326
v 0.3033 -0.4059 0.8621
v -0.9793 0.0580 0.1937
v -0.3457 0.4486 -0.8242
v 0.9735 0.2091 -0.0931
v 0.1932 -0.2188 0.9565
v -0.9990 0.0387 0.0236
v -0.1805 -0.6570 -0.7319
v 0.5291 -0.3448 -0.7754
v 0.1926 0.6910 0.6968
v -0.9472 0.0438 0.3175
v -0.3427 -0.4887 -0.8023
v 0.8161 0.0807 -0.5723
v 0.0728 0.5389 0.8392
v -0.8805 -0.3920 0.2667
v -0.2894 0.2382 -0.9271
v 0.6555 0.5823 -0.4808
v 0.2965 0.0220 0.9548
v -0.5514 0.8196 0.1557
v 0.6607 -0.0104 0.7506
v -0.5130 -0.0287 -0.8579
v 0.4102 -0.9044 -0.1171
v -0.3262 0.0483 0.9441
v -0.5272 0.6938 -0.4906
v 0.9268 -0.1860 -0.3262
v 0.5247 -0.5943 0.6095
v -0.8803 0.1343 0.4549
v -0.2597 0.4404 -0.8594
v 0.9598 -0.2131 0.1829
v 0.2100 -0.4042 0.8902
v -0.9020 0.0258 -0.4310
v -0.1245 0.6654 -0.7360
v 0.8104 0.1006 0.5772
v 0.0953 -0.5635 0.8206
v 0.1132 -0.1548 0.9814
v -0.6126 0.5648 0.5529
v 0.0698 0.6379 -0.7669
v 0.7197 -0.5536 -0.4190
v 0.0704 -0.2031 0.9766
v -0.9115 0.0682 0.4057
v -0.0688 0.3646 -0.9286
v 0.9304 0.0073 -0.3664
v -0.9892 -0.1466 -0.0000
v 0.9066 0.4220 -0.0000
v -0.0218 0.9998 0.0000
v -0.0080 0.9727 0.2317
v -0.8848 -0.3379 -0.3207
v 0.4593 -0.7243 -0.5143
v -0.1255 0.4433 -0.8875
v 0.6051 -0.6739 -0.4241
v 0.4090 -0.3376 0.8478
v -0.4887 0.6751 0.5526
v -0.5980 0.1406 -0.7891
v 0.5924 -0.6561 -0.4676
v 0.5572 -0.0927 0.8252
v -0.6106 0.6691 0.4237
v -0.7909 -0.2078 -0.5756
v 0.7132 -0.4142 -0.5655
v 0.7591 0.2958 0.5799
v -0.7282 0.4529 0.5144
v -0.6930 -0.1735 -0.6997
v 0.7015 -0.0028 -0.7127
v 0.6249 0.2898 0.7250
v -0.7544 0.1112 0.6470
v 0.5335 0.3309 -0.7784
v 0.5887 0.5740 0.5692
v -0.7595 -0.5019 -0.4138
v 0.4203 0.0743 -0.9043
v 0.8084 0.3747 0.4540
v -0.5727 0.0996 0.8137
v -0.8962 -0.1875 -0.4021
v 0.3757 0.1332 -0.9171
v 0.9521 0.0778 0.2956
v -0.4751 0.0551 0.8782
v -0.9318 0.1433 -0.3334
v 0.6391 0.6507 -0.4100
v 0.9979 0.0430 -0.0475
v -0.4308 0.7815 -0.4513
v 0.5735 0.6434 -0.5070
v 0.6581 0.6715 -0.3406
v 0.4596 0.8880 0.0147
v 0.4229 0.9058 -0.0256
v 0.4248 0.9047 0.0341
v 0.3714 0.9225 0.1055
v 0.1616 -0.8823 -0.4421
v 0.6751 -0.4093 0.6137
v 0.6150 -0.5591 0.5560
v -0.8095 -0.1660 -0.5631
v -0.7325 -0.5932 -0.3340
v 0.1498 -0.9274 -0.3429
v 0.4130 -0.8759 -0.2494
v 0.3224 -0.9419 -0.0948
v 0.4290 -0.9024 -0.0414
v 0.6996 -0.3582 0.6183
v 0.9961 -0.0627 0.0622
v 0.8060 -0.5906 0.0389
v 0.9904 0.0405 0.1320
v 0.9823 0.1681 0.0825
v 0.3914 -0.4487 -0.8034
v 0.5584 -0.8095 0.1812
v 0.9509 -0.1697 -0.2590
v 0.9499 -0.1257 0.2861
v -0.9190 0.0346 0.3928
v -0.9519 -0.0247 -0.3054
v 0.4721 0.8704 0.1395
v 0.9597 0.2072 -0.1898
v 0.9388 0.1670 0.3014
v 0.1447 -0.3220 -0.9356
v 0.9414 -0.0860 0.3260
v 0.9862 -0.1128 -0.1209
v 0.3280 -0.6809 0.6549
v 0.1034 -0.9427 0.3172
v 0.2280 -0.9691 -0.0944
v 0.3265 0.3193 0.8896
v -0.5688 0.3024 -0.7648
v 0.9900 -0.0434 -0.1345
v 0.8612 -0.4511 -0.2340
v 0.0154 -0.9780 0.2082
v -0.0268 -0.9757 0.2175
v -0.0000 -0.1733 -0.9849
v -0.8432 -0.4880 -0.2257
v 0.0001 -0.5529 0.8332
v 0.0001 -0.1753 -0.9845
v -0.9988 -0.0480 0.0004
v -0.0018 -0.5526 0.8334
v 0.9817 0.0956 -0.1646
v -0.0002 -0.8716 0.4902
v -0.3673 0.5787 0.7281
v 0.4115 0.5690 0.7120
v -0.9363 -0.3507 -0.0178
v 0.9536 -0.3006 -0.0145
v -0.0008 -0.9114 -0.4115
v 0.0001 -0.9113 -0.4117
v 0.9995 -0.0297 0.0059
v -0.9995 -0.0306 0.0068
v 0.9755 -0.1265 -0.1800
v 0.8842 -0.3976 0.2450
v 0.9133 -0.3128 0.2607
v -0.9997 -0.0224 0.0036
v -0.9934 0.1127 0.0225
v -0.9975 -0.0067 0.0702
v -0.9798 -0.1151 0.1637
v 0.9258 -0.3276 0.1887
v -0.0705 -0.4144 -0.9074
v -0.8692 -0.4575 -0.1876
v -0.8954 -0.4384 0.0779
v 0.1058 -0.5976 0.7948
v 0.9656 -0.1042 0.2381
v 0.1309 -0.0154 -0.9913
v 0.8345 -0.5397 -0.1106
v 0.7416 -0.6092 0.2809
v 0.9779 0.1897 -0.0879
v -0.0039 0.9890 0.1477
v 0.4057 -0.9133 0.0351
v 0.3501 0.6368 -0.6869
v 0.9487 -0.2559 -0.1857
v 0.3173 -0.8976 0.3060
v 0.4184 0.1796 -0.8903
v 0.9400 -0.2240 0.2573
v 0.3535 -0.6529 0.6699
v 0.3397 -0.8961 -0.2857
v 0.6940 -0.0754 0.7160
v 0.1907 0.9251 -0.3282
v 0.8603 0.3506 0.3701
v 0.7908 0.5318 -0.3032
v 0.9748 0.0273 -0.2212
v 0.9431 -0.2407 -0.2294
v 0.9837 -0.0793 -0.1616
v 0.7226 -0.2006 0.6615
v -0.0838 -0.3569 -0.9304
v -0.5298 -0.6754 -0.5130
v -0.8271 0.3486 -0.4409
v 0.7770 -0.1263 0.6167
v 0.8732 0.4144 0.2564
v 0.4687 0.0305 -0.8828
v -0.4822 -0.2598 -0.8367
v 0.7244 -0.2565 0.6399
v 0.6172 -0.6758 0.4030
v 0.5439 -0.6877 0.4809
v 0.6694 0.4299 0.6059
v 0.5833 0.4245 0.6925
v -0.5139 0.1381 0.8467
v 0.8697 0.1582 -0.4675
v -0.5362 0.8425 -0.0523
v -0.5407 0.8395 0.0530
v -0.0013 -0.2999 -0.9540
v 0.9991 0.0412 0.0060
v 0.9429 0.0527 -0.3288
v -0.9514 0.0308 -0.3064
v -0.9595 0.0420 0.2786
v -0.9911 0.0613 -0.1183
v -0.2983 0.3074 0.9036
v 0.0019 -0.2995 -0.9541
v 0.0002 -0.2998 -0.9540
v 0.9984 0.0398 -0.0407
v -0.9969 0.0109 0.0775
v 0.5648 0.2680 -0.7805
v 0.0153 -0.9780 0.2082
v 0.9990 0.0446 0.0051
v 0.9433 0.0254 -0.3310
v -0.9517 0.0036 -0.3071
v -0.9565 0.0703 0.2830
v 0.5647 0.2680 -0.7805
v 0.9773 -0.0711 0.1997
v 0.9481 -0.1332 -0.2888
v 0.0102 -0.1911 -0.9815
v -0.9246 -0.0904 -0.3702
v -0.8791 -0.0247 0.4760
v 0.9787 -0.0597 -0.1963
v 0.9709 -0.0809 0.2255
v -0.9166 -0.1180 0.3820
v -0.9919 -0.0536 -0.1151
v -0.2381 0.8941 0.3795
v 0.9206 0.2576 -0.2935
v 0.2029 0.6041 0.7706
# 573 vertex normals

v 0.3811 0.4229 0.0000
v 0.3865 0.4204 0.0000
v 0.3839 0.4324 0.0000
v 0.3800 0.4293 0.0000
v 0.3688 0.4353 0.0000
v 0.3728 0.4305 0.0000
v 0.3723 0.4219 0.0000
v 0.3760 0.4247 0.0000
v 0.3932 0.3987 0.0000
v 0.4003 0.3994 0.0000
v 0.4004 0.4169 0.0000
v 0.3912 0.3795 0.0000
v 0.4002 0.3783 0.0000
v 0.4002 0.3722 0.0000
v 0.3904 0.3737 0.0000
v 0.3876 0.3648 0.0000
v 0.4001 0.3622 0.0000
v 0.3833 0.3568 0.0000
v 0.4000 0.3506 0.0000
v 0.7548 0.0107 0.0000
v 0.7653 0.0122 0.0000
v 0.7682 0.0328 0.0000
v 0.7552 0.0323 0.0000
v 0.7849 0.0705 0.0000
v 0.7558 0.0646 0.0000
v 0.4006 0.4411 0.0000
v 0.3900 0.4507 0.0000
v 0.4007 0.4579 0.0000
v 0.3912 0.4620 0.0000
v 0.3520 0.4240 0.0000
v 0.3683 0.4045 0.0000
v 0.3800 0.4548 0.0000
v 0.3662 0.4630 0.0000
v 0.3782 0.3829 0.0000
v 0.3695 0.3699 0.0000
v 0.3543 0.3887 0.0000
v 0.3548 0.4566 0.0000
v 0.3481 0.4652 0.0000
v 0.3327 0.4179 0.0000
v 0.4010 0.4900 0.0000
v 0.3896 0.4742 0.0000
v 0.3722 0.4722 0.0000
v 0.3806 0.4636 0.0000
v 0.4321 0.0408 0.0000
v 0.4223 0.0557 0.0000
v 0.4061 0.0497 0.0000
v 0.4090 0.0401 0.0000
v 0.1284 0.0055 0.0000
v 0.1452 0.0050 0.0000
v 0.1406 0.0267 0.0000
v 0.1302 0.0229 0.0000
v 0.1028 0.0079 0.0000
v 0.1168 0.0069 0.0000
v 0.1175 0.0253 0.0000
v 0.1036 0.0247 0.0000
v 0.3942 0.0106 0.0000
v 0.3944 0.0101 0.0000
v 0.3949 0.0103 0.0000
v 0.3948 0.0108 0.0000
v 0.1185 0.0396 0.0000
v 0.1107 0.0434 0.0000
v 0.1307 0.0351 0.0000
v 0.3832 0.0333 0.0000
v 0.3878 0.0472 0.0000
v 0.3812 0.0636 0.0000
v 0.3694 0.0462 0.0000
v 0.3689 0.0271 0.0000
v 0.3675 0.0348 0.0000
v 0.1050 0.0716 0.0000
v 0.1055 0.0712 0.0000
v 0.1057 0.0715 0.0000
v 0.1055 0.0719 0.0000
v 0.1316 0.0423 0.0000
v 0.1232 0.0487 0.0000
v 0.3800 0.0746 0.0000
v 0.3694 0.0718 0.0000
v 0.3317 0.0861 0.0000
v 0.3312 0.0852 0.0000
v 0.3321 0.0843 0.0000
v 0.3322 0.0850 0.0000
v 0.1226 0.0607 0.0000
v 0.1323 0.0632 0.0000
v 0.1293 0.0692 0.0000
v 0.1409 0.0563 0.0000
v 0.3678 0.0877 0.0000
v 0.3770 0.0874 0.0000
v 0.3763 0.1013 0.0000
v 0.3650 0.1051 0.0000
v 0.3317 0.1001 0.0000
v 0.3321 0.0996 0.0000
v 0.3323 0.0999 0.0000
v 0.3319 0.1004 0.0000
v 0.1336 0.0811 0.0000
v 0.1394 0.0748 0.0000
v 0.1425 0.0906 0.0000
v 0.1355 0.0942 0.0000
v 0.1475 0.0735 0.0000
v 0.1483 0.0905 0.0000
v 0.3783 0.1046 0.0000
v 0.3783 0.1138 0.0000
v 0.3726 0.1202 0.0000
v 0.3642 0.1197 0.0000
v 0.1428 0.0971 0.0000
v 0.1358 0.0986 0.0000
v 0.1493 0.1004 0.0000
v 0.3990 0.1176 0.0000
v 0.4113 0.1138 0.0000
v 0.4219 0.1152 0.0000
v 0.4229 0.1188 0.0000
v 0.4090 0.1262 0.0000
v 0.4226 0.1230 0.0000
v 0.1372 0.1176 0.0000
v 0.1424 0.1153 0.0000
v 0.1423 0.1361 0.0000
v 0.1376 0.1370 0.0000
v 0.1473 0.1125 0.0000
v 0.1457 0.1371 0.0000
v 0.4363 0.1148 0.0000
v 0.4364 0.1159 0.0000
v 0.4372 0.1174 0.0000
v 0.1373 0.1594 0.0000
v 0.1345 0.1589 0.0000
v 0.1387 0.1600 0.0000
v 0.4413 0.1140 0.0000
v 0.4412 0.1142 0.0000
v 0.4416 0.1145 0.0000
v 0.1343 0.1684 0.0000
v 0.1337 0.1682 0.0000
v 0.1345 0.1685 0.0000
v 0.3577 0.0079 0.0000
v 0.3770 0.0109 0.0000
v 0.3785 0.0154 0.0000
v 0.3596 0.0185 0.0000
v 0.3926 0.0333 0.0000
v 0.3820 0.0195 0.0000
v 0.3887 0.0100 0.0000
v 0.3892 0.0114 0.0000
v 0.3918 0.0273 0.0000
v 0.3866 0.0225 0.0000
v 0.3913 0.0147 0.0000
v 0.3932 0.0154 0.0000
v 0.3901 0.0131 0.0000
v 0.3934 0.0091 0.0000
v 0.3937 0.0096 0.0000
v 0.3940 0.0101 0.0000
v 0.1123 0.0580 0.0000
v 0.1089 0.0587 0.0000
v 0.1146 0.0619 0.0000
v 0.1166 0.0666 0.0000
v 0.3917 0.0638 0.0000
v 0.3890 0.0692 0.0000
v 0.1090 0.0668 0.0000
v 0.1068 0.0662 0.0000
v 0.1104 0.0677 0.0000
v 0.1112 0.0698 0.0000
v 0.3970 0.0719 0.0000
v 0.3950 0.0740 0.0000
v 0.4038 0.0777 0.0000
v 0.4035 0.0781 0.0000
v 0.1491 0.0585 0.0000
v 0.1563 0.0724 0.0000
v 0.3519 0.0704 0.0000
v 0.3507 0.0668 0.0000
v 0.3549 0.0797 0.0000
v 0.1569 0.0483 0.0000
v 0.1606 0.0497 0.0000
v 0.1541 0.0438 0.0000
v 0.3437 0.0818 0.0000
v 0.3429 0.0794 0.0000
v 0.3464 0.0860 0.0000
v 0.1671 0.0440 0.0000
v 0.1689 0.0455 0.0000
v 0.1652 0.0402 0.0000
v 0.1741 0.0338 0.0000
v 0.1748 0.0339 0.0000
v 0.1732 0.0334 0.0000
v 0.1658 0.0839 0.0000
v 0.1602 0.0864 0.0000
v 0.3546 0.1034 0.0000
v 0.3536 0.0981 0.0000
v 0.3524 0.1085 0.0000
v 0.1615 0.0924 0.0000
v 0.1790 0.0916 0.0000
v 0.1773 0.0943 0.0000
v 0.3385 0.1018 0.0000
v 0.3382 0.1002 0.0000
v 0.3377 0.1044 0.0000
v 0.1766 0.0957 0.0000
v 0.1861 0.0956 0.0000
v 0.1856 0.0962 0.0000
v 0.1855 0.0966 0.0000
v 0.4167 0.0841 0.0000
v 0.4158 0.0848 0.0000
v 0.4154 0.0846 0.0000
v 0.4158 0.0832 0.0000
v 0.4076 0.1829 0.0000
v 0.4081 0.1829 0.0000
v 0.4089 0.1835 0.0000
v 0.4075 0.1840 0.0000
v 0.3990 0.1384 0.0000
v 0.3946 0.1389 0.0000
v 0.1713 0.1148 0.0000
v 0.1663 0.1189 0.0000
v 0.3907 0.1405 0.0000
v 0.3860 0.1412 0.0000
v 0.4011 0.1499 0.0000
v 0.3976 0.1519 0.0000
v 0.1828 0.1289 0.0000
v 0.1777 0.1327 0.0000
v 0.3934 0.1524 0.0000
v 0.3892 0.1528 0.0000
v 0.4063 0.1679 0.0000
v 0.4037 0.1682 0.0000
v 0.1890 0.1574 0.0000
v 0.1850 0.1584 0.0000
v 0.4012 0.1692 0.0000
v 0.3988 0.1710 0.0000
v 0.1947 0.1822 0.0000
v 0.1938 0.1829 0.0000
v 0.4047 0.1060 0.0000
v 0.4118 0.1072 0.0000
v 0.3981 0.1036 0.0000
v 0.1281 0.1209 0.0000
v 0.1244 0.1156 0.0000
v 0.4125 0.0925 0.0000
v 0.4152 0.0937 0.0000
v 0.4098 0.0910 0.0000
v 0.3953 0.0976 0.0000
v 0.4074 0.0888 0.0000
v 0.1143 0.1324 0.0000
v 0.1125 0.1302 0.0000
v 0.1033 0.1403 0.0000
v 0.1029 0.1398 0.0000
v 0.3677 0.4880 0.0000
v 0.3383 0.5030 0.0000
v 0.3309 0.4800 0.0000
v 0.3355 0.4780 0.0000
v 0.3451 0.4837 0.0000
v 0.3700 0.5493 0.0000
v 0.3720 0.5066 0.0000
v 0.3999 0.5011 0.0000
v 0.4000 0.5527 0.0000
v 0.4000 0.6156 0.0000
v 0.3511 0.6056 0.0000
v 0.3644 0.6495 0.0000
v 0.4000 0.6541 0.0000
v 0.4000 0.6698 0.0000
v 0.3662 0.6834 0.0000
v 0.4001 0.7368 0.0000
v 0.3682 0.7377 0.0000
v 0.4003 0.8136 0.0000
v 0.3757 0.8104 0.0000
v 0.4004 0.8488 0.0000
v 0.3810 0.8506 0.0000
v 0.7627 0.0013 0.0000
v 0.7546 0.0005 0.0000
v 0.7568 0.1141 0.0000
v 0.7861 0.1061 0.0000
v 0.7918 0.1852 0.0000
v 0.7580 0.1793 0.0000
v 0.7764 0.2261 0.0000
v 0.7588 0.2221 0.0000
v 0.7662 0.6115 0.0000
v 0.7655 0.5726 0.0000
v 0.7756 0.5783 0.0000
v 0.7730 0.6129 0.0000
v 0.7646 0.5291 0.0000
v 0.7715 0.5293 0.0000
v 0.7638 0.4847 0.0000
v 0.7864 0.4809 0.0000
v 0.7629 0.4393 0.0000
v 0.7837 0.4422 0.0000
v 0.7848 0.3811 0.0000
v 0.7619 0.3809 0.0000
v 0.7605 0.3107 0.0000
v 0.7829 0.3141 0.0000
v 0.7596 0.2634 0.0000
v 0.7747 0.2652 0.0000
v 0.3276 0.5116 0.0000
v 0.3145 0.5397 0.0000
v 0.8318 0.3455 0.0000
v 0.8270 0.3848 0.0000
v 0.2639 0.5978 0.0000
v 0.2717 0.6986 0.0000
v 0.2733 0.7457 0.0000
v 0.7938 0.3116 0.0000
v 0.8148 0.3152 0.0000
v 0.2192 0.6641 0.0000
v 0.2337 0.6906 0.0000
v 0.1682 0.6860 0.0000
v 0.1661 0.6737 0.0000
v 0.2233 0.6416 0.0000
v 0.1619 0.6613 0.0000
v 0.7852 0.2394 0.0000
v 0.8377 0.2374 0.0000
v 0.8405 0.2482 0.0000
v 0.7837 0.2666 0.0000
v 0.8446 0.2584 0.0000
v 0.2946 0.6498 0.0000
v 0.8511 0.2665 0.0000
v 0.1573 0.6499 0.0000
v 0.2143 0.6276 0.0000
v 0.2223 0.6127 0.0000
v 0.8933 0.5603 0.0000
v 0.8944 0.5541 0.0000
v 0.9317 0.5506 0.0000
v 0.9328 0.5625 0.0000
v 0.9570 0.5415 0.0000
v 0.9581 0.5514 0.0000
v 0.9502 0.5517 0.0000
v 0.1356 0.9850 0.0000
v 0.1380 0.9925 0.0000
v 0.1283 0.9931 0.0000
v 0.1280 0.9907 0.0000
v 0.9257 0.5789 0.0000
v 0.9266 0.5729 0.0000
v 0.9352 0.5811 0.0000
v 0.9329 0.5853 0.0000
v 0.1275 0.9865 0.0000
v 0.1245 0.9873 0.0000
v 0.1244 0.9872 0.0000
v 0.1222 0.9842 0.0000
v 0.1242 0.9963 0.0000
v 0.1240 0.9963 0.0000
v 0.1213 0.9934 0.0000
v 0.1244 0.9873 0.0000
v 0.1242 0.9964 0.0000
v 0.1240 0.9964 0.0000
v 0.1214 0.9902 0.0000
v 0.1283 0.9982 0.0000
v 0.1214 0.9982 0.0000
v 0.0970 0.9687 0.0000
v 0.1273 0.9699 0.0000
v 0.0937 0.9819 0.0000
v 0.9797 0.5627 0.0000
v 0.9803 0.5632 0.0000
v 0.9720 0.5741 0.0000
v 0.9713 0.5737 0.0000
v 0.9800 0.5514 0.0000
v 0.9877 0.5569 0.0000
v 0.9717 0.5535 0.0000
v 0.9916 0.5679 0.0000
v 0.9995 0.5780 0.0000
v 0.9928 0.5845 0.0000
v 0.9883 0.5755 0.0000
v 0.9649 0.5702 0.0000
v 0.9638 0.5732 0.0000
v 0.9586 0.5624 0.0000
v 0.9660 0.5595 0.0000
v 0.0916 0.9796 0.0000
v 0.0873 0.9658 0.0000
v 0.9709 0.5708 0.0000
v 0.9759 0.5794 0.0000
v 0.9730 0.5801 0.0000
v 0.9747 0.5741 0.0000
v 0.1710 0.9738 0.0000
v 0.1731 0.9813 0.0000
v 0.2239 0.9575 0.0000
v 0.2169 0.9463 0.0000
v 0.2416 0.9204 0.0000
v 0.2492 0.9339 0.0000
v 0.2080 0.9295 0.0000
v 0.2304 0.9035 0.0000
v 0.2579 0.9540 0.0000
v 0.2290 0.9716 0.0000
v 0.2826 0.9198 0.0000
v 0.2889 0.9445 0.0000
v 0.2452 0.8730 0.0000
v 0.2675 0.8972 0.0000
v 0.8226 0.5541 0.0000
v 0.7973 0.5538 0.0000
v 0.7980 0.5325 0.0000
v 0.8253 0.5422 0.0000
v 0.8490 0.5588 0.0000
v 0.8448 0.5696 0.0000
v 0.8076 0.5056 0.0000
v 0.8277 0.5275 0.0000
v 0.8524 0.5426 0.0000
v 0.8165 0.4989 0.0000
v 0.8349 0.5188 0.0000
v 0.8547 0.5386 0.0000
v 0.2663 0.8484 0.0000
v 0.2972 0.8808 0.0000
v 0.3197 0.9127 0.0000
v 0.3301 0.9481 0.0000
v 0.8113 0.4748 0.0000
v 0.2934 0.8132 0.0000
v 0.3429 0.8543 0.0000
v 0.3536 0.8896 0.0000
v 0.3714 0.9248 0.0000
v 0.8354 0.4454 0.0000
v 0.4417 0.1143 0.0000
v 0.3890 0.8894 0.0000
v 0.4005 0.8887 0.0000
v 0.4006 0.9095 0.0000
v 0.3931 0.9100 0.0000
v 0.3843 0.9137 0.0000
v 0.3869 0.9174 0.0000
v 0.7664 0.6245 0.0000
v 0.7729 0.6265 0.0000
v 0.7708 0.6291 0.0000
v 0.7665 0.6286 0.0000
v 0.4006 0.9227 0.0000
v 0.3966 0.9217 0.0000
v 0.3959 0.9236 0.0000
v 0.7705 0.6383 0.0000
v 0.7667 0.6393 0.0000
v 0.4006 0.9261 0.0000
v 0.3226 0.5028 0.0000
v 0.3122 0.4920 0.0000
v 0.3223 0.4797 0.0000
v 0.3088 0.4753 0.0000
v 0.3200 0.4568 0.0000
v 0.3519 0.4960 0.0000
v 0.3575 0.4796 0.0000
v 0.3338 0.4565 0.0000
v 0.3306 0.4559 0.0000
v 0.3786 0.4256 0.0000
v 0.3781 0.4273 0.0000
v 0.3763 0.4278 0.0000
v 0.3772 0.4262 0.0000
v 0.9582 0.5522 0.0000
v 0.9505 0.5547 0.0000
v 0.0931 0.9967 0.0000
v 0.0935 0.9889 0.0000
v 0.1661 0.9621 0.0000
v 0.1684 0.9675 0.0000
v 0.1343 0.9790 0.0000
v 0.8909 0.5722 0.0000
v 0.8921 0.5663 0.0000
v 0.9392 0.5760 0.0000
v 0.0936 0.9880 0.0000
v 0.1040 0.6708 0.0000
v 0.1060 0.6780 0.0000
v 0.0659 0.6894 0.0000
v 0.0642 0.6758 0.0000
v 0.0344 0.6967 0.0000
v 0.0343 0.6855 0.0000
v 0.0435 0.6858 0.0000
v 0.9145 0.2270 0.0000
v 0.9123 0.2202 0.0000
v 0.9213 0.2202 0.0000
v 0.9219 0.2224 0.0000
v 0.9098 0.2152 0.0000
v 0.9205 0.2161 0.0000
v 0.0706 0.7070 0.0000
v 0.0676 0.7085 0.0000
v 0.0675 0.7085 0.0000
v 0.0645 0.7060 0.0000
v 0.0728 0.7138 0.0000
v 0.0695 0.7177 0.0000
v 0.0694 0.7177 0.0000
v 0.0659 0.7154 0.0000
v 0.0677 0.7086 0.0000
v 0.0675 0.7086 0.0000
v 0.0695 0.7178 0.0000
v 0.0694 0.7178 0.0000
v 0.0653 0.7122 0.0000
v 0.0723 0.7114 0.0000
v 0.0738 0.7186 0.0000
v 0.0673 0.7201 0.0000
v 0.0341 0.7106 0.0000
v 0.0157 0.7256 0.0000
v 0.0153 0.7248 0.0000
v 0.0330 0.7188 0.0000
v 0.0333 0.7198 0.0000
v 0.0262 0.7400 0.0000
v 0.0337 0.7488 0.0000
v 0.0222 0.7529 0.0000
v 0.0161 0.7397 0.0000
v 0.0066 0.7130 0.0000
v 0.0050 0.6980 0.0000
v 0.0157 0.6956 0.0000
v 0.0147 0.7072 0.0000
v 0.9367 0.1911 0.0000
v 0.9368 0.1940 0.0000
v 0.9260 0.1871 0.0000
v 0.9310 0.1789 0.0000
v 0.0315 0.7088 0.0000
v 0.0240 0.6961 0.0000
v 0.0311 0.7234 0.0000
v 0.0389 0.7273 0.0000
v 0.0363 0.7293 0.0000
v 0.0304 0.7101 0.0000
v 0.0293 0.7171 0.0000
v 0.8880 0.2383 0.0000
v 0.8849 0.2326 0.0000
v 0.0343 0.6844 0.0000
v 0.0433 0.6823 0.0000
v 0.1082 0.6841 0.0000
v 0.0754 0.6974 0.0000
v 0.1105 0.6909 0.0000
v 0.0782 0.7033 0.0000
v 0.8827 0.2273 0.0000
v 0.8805 0.2217 0.0000
v 0.9091 0.2047 0.0000
v 0.9206 0.2103 0.0000
v 0.0334 0.6716 0.0000
v 0.4199 0.4227 0.0000
v 0.4210 0.4290 0.0000
v 0.4172 0.4321 0.0000
v 0.4144 0.4202 0.0000
v 0.4282 0.4302 0.0000
v 0.4324 0.4349 0.0000
v 0.4250 0.4244 0.0000
v 0.4286 0.4215 0.0000
v 0.4074 0.3986 0.0000
v 0.4093 0.3794 0.0000
v 0.4127 0.3646 0.0000
v 0.4100 0.3736 0.0000
v 0.4169 0.3566 0.0000
v 0.7423 0.0333 0.0000
v 0.7444 0.0126 0.0000
v 0.7271 0.0716 0.0000
v 0.4113 0.4505 0.0000
v 0.4102 0.4619 0.0000
v 0.4325 0.4041 0.0000
v 0.4490 0.4234 0.0000
v 0.4353 0.4625 0.0000
v 0.4214 0.4545 0.0000
v 0.4309 0.3695 0.0000
v 0.4223 0.3826 0.0000
v 0.4462 0.3881 0.0000
v 0.4534 0.4645 0.0000
v 0.4465 0.4560 0.0000
v 0.4682 0.4170 0.0000
v 0.4121 0.4740 0.0000
v 0.4209 0.4632 0.0000
v 0.4294 0.4718 0.0000
v 0.2487 0.0333 0.0000
v 0.2501 0.0432 0.0000
v 0.2332 0.0467 0.0000
v 0.2258 0.0305 0.0000
v 0.0595 0.0224 0.0000
v 0.0493 0.0266 0.0000
v 0.0440 0.0050 0.0000
v 0.0608 0.0050 0.0000
v 0.0723 0.0243 0.0000
v 0.0725 0.0060 0.0000
v 0.0864 0.0065 0.0000
v 0.0863 0.0233 0.0000
v 0.2671 0.0059 0.0000
v 0.2676 0.0058 0.0000
v 0.2677 0.0063 0.0000
v 0.2671 0.0064 0.0000
v 0.0798 0.0423 0.0000
v 0.0719 0.0386 0.0000
v 0.0595 0.0346 0.0000
v 0.2752 0.0304 0.0000
v 0.2869 0.0452 0.0000
v 0.2726 0.0606 0.0000
v 0.2685 0.0434 0.0000
v 0.2902 0.0264 0.0000
v 0.2905 0.0342 0.0000
v 0.0864 0.0702 0.0000
v 0.0860 0.0705 0.0000
v 0.0858 0.0701 0.0000
v 0.0859 0.0698 0.0000
v 0.0675 0.0479 0.0000
v 0.0588 0.0418 0.0000
v 0.2831 0.0705 0.0000
v 0.2721 0.0717 0.0000
v 0.3181 0.0884 0.0000
v 0.3189 0.0894 0.0000
v 0.3182 0.0903 0.0000
v 0.3179 0.0891 0.0000
v 0.0685 0.0599 0.0000
v 0.0621 0.0686 0.0000
v 0.0589 0.0627 0.0000
v 0.0500 0.0561 0.0000
v 0.2822 0.0865 0.0000
v 0.2824 0.1040 0.0000
v 0.2718 0.0986 0.0000
v 0.2732 0.0847 0.0000
v 0.3161 0.1042 0.0000
v 0.3158 0.1044 0.0000
v 0.3155 0.1038 0.0000
v 0.3157 0.1036 0.0000
v 0.0582 0.0807 0.0000
v 0.0567 0.0938 0.0000
v 0.0496 0.0905 0.0000
v 0.0521 0.0746 0.0000
v 0.0438 0.0906 0.0000
v 0.0440 0.0736 0.0000
v 0.2679 0.1107 0.0000
v 0.2693 0.1015 0.0000
v 0.2810 0.1186 0.0000
v 0.2726 0.1179 0.0000
v 0.0565 0.0982 0.0000
v 0.0495 0.0970 0.0000
v 0.0431 0.1005 0.0000
v 0.2469 0.1113 0.0000
v 0.2230 0.1089 0.0000
v 0.2245 0.1054 0.0000
v 0.2353 0.1057 0.0000
v 0.2357 0.1183 0.0000
v 0.2227 0.1130 0.0000
v 0.0558 0.1173 0.0000
v 0.0561 0.1367 0.0000
v 0.0513 0.1359 0.0000
v 0.0506 0.1152 0.0000
v 0.0479 0.1370 0.0000
v 0.0455 0.1125 0.0000
v 0.2101 0.1039 0.0000
v 0.2104 0.1029 0.0000
v 0.2091 0.1053 0.0000
v 0.0599 0.1584 0.0000
v 0.0571 0.1591 0.0000
v 0.0557 0.1597 0.0000
v 0.2057 0.1016 0.0000
v 0.2056 0.1013 0.0000
v 0.2053 0.1017 0.0000
v 0.0610 0.1677 0.0000
v 0.0604 0.1679 0.0000
v 0.0602 0.1680 0.0000
v 0.3041 0.0090 0.0000
v 0.3007 0.0192 0.0000
v 0.2825 0.0134 0.0000
v 0.2847 0.0092 0.0000
v 0.2659 0.0290 0.0000
v 0.2784 0.0169 0.0000
v 0.2725 0.0078 0.0000
v 0.2733 0.0065 0.0000
v 0.2676 0.0231 0.0000
v 0.2679 0.0112 0.0000
v 0.2699 0.0107 0.0000
v 0.2734 0.0192 0.0000
v 0.2714 0.0094 0.0000
v 0.2683 0.0054 0.0000
v 0.2687 0.0050 0.0000
v 0.2680 0.0058 0.0000
v 0.0821 0.0575 0.0000
v 0.0787 0.0569 0.0000
v 0.0765 0.0609 0.0000
v 0.0747 0.0656 0.0000
v 0.2641 0.0650 0.0000
v 0.2622 0.0592 0.0000
v 0.0844 0.0648 0.0000
v 0.0822 0.0655 0.0000
v 0.0809 0.0665 0.0000
v 0.0802 0.0686 0.0000
v 0.2574 0.0689 0.0000
v 0.2557 0.0664 0.0000
v 0.2484 0.0716 0.0000
v 0.2482 0.0712 0.0000
v 0.0419 0.0586 0.0000
v 0.0352 0.0727 0.0000
v 0.3023 0.0683 0.0000
v 0.3006 0.0717 0.0000
v 0.2962 0.0805 0.0000
v 0.0301 0.0502 0.0000
v 0.0338 0.0487 0.0000
v 0.0364 0.0441 0.0000
v 0.3082 0.0820 0.0000
v 0.3069 0.0842 0.0000
v 0.3037 0.0880 0.0000
v 0.0217 0.0462 0.0000
v 0.0234 0.0448 0.0000
v 0.0252 0.0409 0.0000
v 0.0154 0.0349 0.0000
v 0.0161 0.0348 0.0000
v 0.0170 0.0343 0.0000
v 0.0317 0.0869 0.0000
v 0.0261 0.0846 0.0000
v 0.2948 0.0989 0.0000
v 0.2930 0.1039 0.0000
v 0.2943 0.1094 0.0000
v 0.0307 0.0929 0.0000
v 0.0149 0.0954 0.0000
v 0.0132 0.0927 0.0000
v 0.3096 0.1032 0.0000
v 0.3091 0.1048 0.0000
v 0.3095 0.1076 0.0000
v 0.0157 0.0967 0.0000
v 0.0067 0.0975 0.0000
v 0.0062 0.0969 0.0000
v 0.0069 0.0979 0.0000
v 0.2357 0.0762 0.0000
v 0.2353 0.0763 0.0000
v 0.2344 0.0754 0.0000
v 0.2355 0.0747 0.0000
v 0.2284 0.1745 0.0000
v 0.2284 0.1757 0.0000
v 0.2270 0.1749 0.0000
v 0.2279 0.1744 0.0000
v 0.2480 0.1330 0.0000
v 0.2437 0.1318 0.0000
v 0.0268 0.1195 0.0000
v 0.0216 0.1157 0.0000
v 0.2561 0.1365 0.0000
v 0.2516 0.1352 0.0000
v 0.2430 0.1454 0.0000
v 0.2399 0.1429 0.0000
v 0.0159 0.1337 0.0000
v 0.0106 0.1300 0.0000
v 0.2512 0.1476 0.0000
v 0.2471 0.1465 0.0000
v 0.2345 0.1606 0.0000
v 0.2320 0.1599 0.0000
v 0.0093 0.1596 0.0000
v 0.0054 0.1588 0.0000
v 0.2389 0.1641 0.0000
v 0.2369 0.1620 0.0000
v 0.0005 0.1837 0.0000
v 0.0013 0.1843 0.0000
v 0.2358 0.0991 0.0000
v 0.2430 0.0990 0.0000
v 0.2499 0.0976 0.0000
v 0.0685 0.1148 0.0000
v 0.0650 0.1203 0.0000
v 0.2345 0.0852 0.0000
v 0.2373 0.0844 0.0000
v 0.2402 0.0833 0.0000
v 0.2429 0.0815 0.0000
v 0.2535 0.0920 0.0000
v 0.0809 0.1290 0.0000
v 0.0791 0.1313 0.0000
v 0.0908 0.1383 0.0000
v 0.0904 0.1388 0.0000
v 0.4342 0.4874 0.0000
v 0.4661 0.4772 0.0000
v 0.4708 0.4791 0.0000
v 0.4637 0.5022 0.0000
v 0.4566 0.4830 0.0000
v 0.4279 0.5065 0.0000
v 0.4300 0.5492 0.0000
v 0.4489 0.6057 0.0000
v 0.4356 0.6495 0.0000
v 0.4338 0.6832 0.0000
v 0.4321 0.7376 0.0000
v 0.4249 0.8103 0.0000
v 0.4198 0.8505 0.0000
v 0.7466 0.0016 0.0000
v 0.7245 0.1865 0.0000
v 0.7272 0.1072 0.0000
v 0.7415 0.2268 0.0000
v 0.7595 0.6132 0.0000
v 0.7556 0.5787 0.0000
v 0.7578 0.5295 0.0000
v 0.7411 0.4817 0.0000
v 0.7423 0.4430 0.0000
v 0.7390 0.3820 0.0000
v 0.7383 0.3149 0.0000
v 0.7447 0.2658 0.0000
v 0.4724 0.5113 0.0000
v 0.4857 0.5395 0.0000
v 0.6969 0.3872 0.0000
v 0.6907 0.3482 0.0000
v 0.5368 0.5979 0.0000
v 0.5282 0.6997 0.0000
v 0.5271 0.7452 0.0000
v 0.7273 0.3129 0.0000
v 0.7064 0.3172 0.0000
v 0.5816 0.6650 0.0000
v 0.6352 0.6752 0.0000
v 0.6330 0.6877 0.0000
v 0.5667 0.6919 0.0000
v 0.5777 0.6425 0.0000
v 0.6395 0.6626 0.0000
v 0.6783 0.2513 0.0000
v 0.6806 0.2404 0.0000
v 0.7332 0.2404 0.0000
v 0.7357 0.2675 0.0000
v 0.6746 0.2616 0.0000
v 0.5054 0.6499 0.0000
v 0.6683 0.2699 0.0000
v 0.5868 0.6284 0.0000
v 0.6441 0.6512 0.0000
v 0.5788 0.6133 0.0000
v 0.6372 0.5651 0.0000
v 0.5979 0.5688 0.0000
v 0.5986 0.5568 0.0000
v 0.6358 0.5589 0.0000
v 0.5730 0.5488 0.0000
v 0.5802 0.5587 0.0000
v 0.5723 0.5586 0.0000
v 0.6655 0.9839 0.0000
v 0.6732 0.9895 0.0000
v 0.6729 0.9919 0.0000
v 0.6632 0.9913 0.0000
v 0.6056 0.5848 0.0000
v 0.5987 0.5914 0.0000
v 0.5962 0.5874 0.0000
v 0.6045 0.5789 0.0000
v 0.6736 0.9853 0.0000
v 0.6790 0.9830 0.0000
v 0.6768 0.9860 0.0000
v 0.6767 0.9860 0.0000
v 0.6799 0.9922 0.0000
v 0.6772 0.9951 0.0000
v 0.6771 0.9951 0.0000
v 0.6767 0.9861 0.0000
v 0.6768 0.9861 0.0000
v 0.6771 0.9952 0.0000
v 0.6798 0.9890 0.0000
v 0.6729 0.9969 0.0000
v 0.6798 0.9970 0.0000
v 0.7040 0.9674 0.0000
v 0.7074 0.9806 0.0000
v 0.6738 0.9687 0.0000
v 0.5594 0.5818 0.0000
v 0.5506 0.5712 0.0000
v 0.5513 0.5707 0.0000
v 0.5600 0.5813 0.0000
v 0.5431 0.5652 0.0000
v 0.5506 0.5595 0.0000
v 0.5589 0.5613 0.0000
v 0.5391 0.5926 0.0000
v 0.5324 0.5865 0.0000
v 0.5396 0.5764 0.0000
v 0.5432 0.5837 0.0000
v 0.5723 0.5696 0.0000
v 0.5674 0.5806 0.0000
v 0.5663 0.5777 0.0000
v 0.5648 0.5670 0.0000
v 0.7095 0.9782 0.0000
v 0.7137 0.9645 0.0000
v 0.5603 0.5785 0.0000
v 0.5585 0.5878 0.0000
v 0.5556 0.5872 0.0000
v 0.5566 0.5818 0.0000
v 0.6302 0.9728 0.0000
v 0.6281 0.9803 0.0000
v 0.5772 0.9567 0.0000
v 0.5519 0.9333 0.0000
v 0.5594 0.9197 0.0000
v 0.5842 0.9455 0.0000
v 0.5706 0.9028 0.0000
v 0.5931 0.9287 0.0000
v 0.5433 0.9534 0.0000
v 0.5722 0.9708 0.0000
v 0.5123 0.9440 0.0000
v 0.5184 0.9193 0.0000
v 0.5334 0.8966 0.0000
v 0.5556 0.8724 0.0000
v 0.7076 0.5563 0.0000
v 0.7045 0.5444 0.0000
v 0.7314 0.5338 0.0000
v 0.7329 0.5550 0.0000
v 0.6861 0.5726 0.0000
v 0.6814 0.5619 0.0000
v 0.7016 0.5299 0.0000
v 0.7208 0.5072 0.0000
v 0.6774 0.5458 0.0000
v 0.6940 0.5214 0.0000
v 0.7117 0.5009 0.0000
v 0.6750 0.5420 0.0000
v 0.5037 0.8803 0.0000
v 0.5344 0.8478 0.0000
v 0.4711 0.9477 0.0000
v 0.4813 0.9123 0.0000
v 0.7159 0.4766 0.0000
v 0.4579 0.8541 0.0000
v 0.5072 0.8128 0.0000
v 0.4297 0.9247 0.0000
v 0.4473 0.8894 0.0000
v 0.6908 0.4481 0.0000
v 0.2051 0.1015 0.0000
v 0.4119 0.8894 0.0000
v 0.4080 0.9100 0.0000
v 0.4169 0.9136 0.0000
v 0.4142 0.9173 0.0000
v 0.7622 0.6292 0.0000
v 0.7600 0.6267 0.0000
v 0.4046 0.9217 0.0000
v 0.4053 0.9236 0.0000
v 0.7628 0.6384 0.0000
v 0.4793 0.5019 0.0000
v 0.4793 0.4787 0.0000
v 0.4897 0.4909 0.0000
v 0.4814 0.4558 0.0000
v 0.4928 0.4742 0.0000
v 0.4499 0.4954 0.0000
v 0.4442 0.4791 0.0000
v 0.4676 0.4557 0.0000
v 0.4708 0.4550 0.0000
v 0.4224 0.4253 0.0000
v 0.4238 0.4259 0.0000
v 0.4248 0.4274 0.0000
v 0.4229 0.4270 0.0000
v 0.5800 0.5616 0.0000
v 0.5723 0.5595 0.0000
v 0.7076 0.9875 0.0000
v 0.7081 0.9953 0.0000
v 0.6669 0.9778 0.0000
v 0.6328 0.9665 0.0000
v 0.6350 0.9611 0.0000
v 0.6386 0.5711 0.0000
v 0.6400 0.5769 0.0000
v 0.5920 0.5825 0.0000
v 0.7076 0.9866 0.0000
v 0.6979 0.6724 0.0000
v 0.7386 0.6761 0.0000
v 0.7373 0.6900 0.0000
v 0.6960 0.6797 0.0000
v 0.7701 0.6962 0.0000
v 0.7603 0.6855 0.0000
v 0.7697 0.6847 0.0000
v 0.6035 0.2328 0.0000
v 0.5960 0.2286 0.0000
v 0.5964 0.2264 0.0000
v 0.6054 0.2260 0.0000
v 0.5971 0.2222 0.0000
v 0.6078 0.2209 0.0000
v 0.7334 0.7083 0.0000
v 0.7394 0.7069 0.0000
v 0.7366 0.7096 0.0000
v 0.7365 0.7096 0.0000
v 0.7317 0.7154 0.0000
v 0.7388 0.7164 0.0000
v 0.7355 0.7191 0.0000
v 0.7354 0.7191 0.0000
v 0.7365 0.7097 0.0000
v 0.7366 0.7097 0.0000
v 0.7355 0.7192 0.0000
v 0.7354 0.7192 0.0000
v 0.7391 0.7131 0.0000
v 0.7319 0.7129 0.0000
v 0.7310 0.7204 0.0000
v 0.7379 0.7213 0.0000
v 0.7682 0.7092 0.0000
v 0.77H07 0.7161 0.0000
v 0.7883 0.7152 0.0000
v 0.7884 0.7160 0.0000
v 0.7707 0.7171 0.0000
v 0.7931 0.7440 0.0000
v 0.7807 0.7449 0.0000
v 0.7840 0.7334 0.0000
v 0.7934 0.7291 0.0000
v 0.7761 0.6887 0.0000
v 0.7867 0.6867 0.0000
v 0.7912 0.7008 0.0000
v 0.7816 0.6989 0.0000
v 0.5905 0.1934 0.0000
v 0.5800 0.2007 0.0000
v 0.5799 0.1978 0.0000
v 0.5852 0.1854 0.0000
v 0.7708 0.7080 0.0000
v 0.7671 0.7254 0.0000
v 0.7737 0.7196 0.0000
v 0.7704 0.7267 0.0000
v 0.7737 0.7133 0.0000
v 0.6304 0.2432 0.0000
v 0.6332 0.2374 0.0000
v 0.7603 0.6819 0.0000
v 0.7697 0.6836 0.0000
v 0.7279 0.6987 0.0000
v 0.6939 0.6859 0.0000
v 0.7253 0.7048 0.0000
v 0.6916 0.6929 0.0000
v 0.6353 0.2320 0.0000
v 0.6081 0.2104 0.0000
v 0.6373 0.2263 0.0000
v 0.5968 0.2164 0.0000
v 0.7700 0.6705 0.0000